Input size: 5
Brute Force Solution:
[3, 4]
Input size: 5
Dynamic Programming Solution:
[2, 3, 1, 0]
Input size: 5
Greedy Solution:
[3, 1]
Input size: 10
Brute Force Solution:
[6, 9]
Input size: 10
Dynamic Programming Solution:
[7, 6, 5]
Input size: 10
Greedy Solution:
[6, 5]
Input size: 15
Brute Force Solution:
[6, 8, 7]
Input size: 15
Dynamic Programming Solution:
[5, 6, 8, 7]
Input size: 15
Greedy Solution:
[6, 8, 7]
Input size: 25
Brute Force Solution:
[24, 10, 9, 12, 17, 11, 4]
Input size: 25
Dynamic Programming Solution:
[0, 10, 9, 12, 15, 17, 11, 8]
Input size: 25
Greedy Solution:
[24, 10, 9, 12, 15, 17, 11]
Input size: 50
Dynamic Programming Solution:
[18, 28, 10, 26, 39, 33, 6, 0, 14, 42, 36]
Input size: 50
Greedy Solution:
[28, 10, 26, 39, 33, 6, 46, 0, 14]
Input size: 100
Dynamic Programming Solution:
[3, 91, 33, 76, 74, 41, 96, 16, 29, 5, 38, 90, 60, 49, 26, 62, 13, 98]
Input size: 100
Greedy Solution:
[91, 33, 76, 12, 74, 41, 96, 16, 29, 5, 38, 90, 60, 49, 26, 62, 87, 13]
Input size: 150
Dynamic Programming Solution:
[53, 143, 84, 114, 90, 115, 124, 74, 98, 5, 19, 21, 72, 24, 40, 122, 4, 12, 146, 141, 86, 92, 27, 123, 129, 9, 148, 66, 1, 99, 88, 145, 2, 32, 47]
Input size: 150
Greedy Solution:
[143, 84, 114, 90, 115, 124, 74, 98, 5, 19, 21, 72, 24, 40, 122, 4, 12, 146, 141, 22, 86, 7, 92, 27, 79, 123, 129, 77, 9, 148, 66, 1, 99, 88]
Input size: 250
Dynamic Programming Solution:
[2, 151, 26, 19, 212, 11, 168, 87, 98, 124, 9, 190, 103, 215, 130, 217, 89, 162, 139, 167, 238, 175, 21, 122, 10, 101, 188, 109, 247, 185, 198, 14, 120, 229, 235, 23, 117, 12, 80, 176, 113, 24, 32, 243, 143, 206, 141, 140]
Input size: 250
Greedy Solution:
[151, 26, 3, 19, 212, 11, 168, 87, 98, 124, 9, 244, 190, 103, 215, 130, 217, 89, 162, 132, 139, 167, 238, 175, 21, 122, 220, 10, 101, 188, 109, 247, 185, 198, 14, 120, 229, 235, 23, 117, 12, 80, 176, 113]
Input size: 500
Dynamic Programming Solution:
[297, 196, 79, 292, 168, 241, 355, 38, 152, 192, 151, 183, 37, 164, 209, 14, 84, 370, 229, 417, 74, 480, 473, 136, 31, 330, 62, 277, 431, 258, 211, 422, 32, 219, 359, 392, 413, 283, 10, 324, 319, 335, 44, 243, 498, 421, 13, 411, 376, 190, 269, 305, 285, 315, 52, 491, 391, 130, 394, 201, 288, 131, 428, 58, 157, 102, 416, 57, 472, 361, 45, 21, 280, 8, 54, 144, 380, 418, 348, 100, 7, 286, 224, 68, 240, 246, 4, 435, 64, 205, 381, 266, 484, 125, 83, 226, 217, 419, 93, 55, 291, 129, 180, 342, 496, 85, 110, 40]
Input size: 500
Greedy Solution:
[196, 79, 292, 168, 241, 355, 38, 152, 192, 151, 183, 37, 164, 209, 14, 84, 370, 229, 417, 74, 480, 473, 136, 31, 330, 62, 277, 431, 258, 211, 422, 492, 32, 219, 359, 392, 413, 398, 454, 283, 10, 324, 319, 335, 44, 243, 498, 421, 13, 411, 376, 190, 269, 305, 285, 315, 52, 491, 391, 130, 394, 201, 247, 288, 131, 428, 58, 157, 102, 416, 57, 472, 361, 45, 95, 21, 280, 8, 54, 314, 144, 380, 418, 348, 397, 100, 7, 286, 224, 68, 240, 246, 4, 435, 64, 205, 381, 266, 484, 125, 393, 83, 34, 226, 217]
