(277, 325)
(6499, 6525)
(1586, 1688)
(1435, 1500)
(2817, 2954)
(1467, 1550)
(4952, 4986)
(4393, 4449)
(840, 895)
(5088, 5154)
(3637, 3744)
(3618, 3622)
(2287, 2422)
(5143, 5184)
(6468, 6472)
(2167, 2183)
(3557, 3706)
(1441, 1507)
(84, 210)
(5625, 5870)
(6389, 6421)
(2279, 2421)
(1513, 1528)
(5016, 5078)
(1634, 1698)
(4215, 4474)
(4415, 4455)
(6327, 6568)
(5136, 5175)
(3054, 3131)
(3553, 3641)
(5123, 5138)
(928, 1027)
(2869, 3036)
(41, 144)
(4969, 5016)
(250, 322)
(6461, 6494)
(4964, 5096)
(3098, 3104)
(4242, 4460)
(3652, 3720)
(31, 264)
(740, 902)
(1437, 1658)
(3582, 3744)
(826, 898)
(2382, 2433)
(1594, 1680)
(5670, 5744)
(5682, 5749)
(5634, 5853)
(1509, 1691)
(4990, 5019)
(915, 1024)
(2811, 3054)
(1463, 1574)
(6307, 6379)
(6313, 6343)
(4986, 5057)
(2278, 2328)
(2154, 2396)
(1509, 1662)
(898, 899)
(2202, 2412)
(3004, 3070)
(2189, 2199)
(4915, 5058)
(3549, 3720)
(4230, 4418)
(5770, 5876)
(2131, 2401)
(254, 283)
(2218, 2351)
(2256, 2342)
(867, 922)
(6344, 6440)
(4347, 4391)
(5695, 5836)
(3607, 3768)
(1476, 1593)
(1569, 1672)
(4323, 4340)
(914, 950)
(4903, 5073)
(4930, 5175)
(702, 704)
(6394, 6536)
(1661, 1669)
(1477, 1540)
(23, 218)
(2826, 2981)
(4209, 4260)
(3590, 3775)
(3057, 3064)
(2257, 2417)
(2866, 3082)
(153, 154)
(1694, 1720)
(741, 883)
(6354, 6420)
(4973, 5184)
(6327, 6344)
(2187, 2352)
(5035, 5040)
(1537, 1544)
(3013, 3024)
(4937, 5016)
(4211, 4371)
(725, 883)
(4294, 4358)
(1546, 1686)
(3514, 3530)
(5666, 5763)
(6317, 6374)
(1441, 1557)
(3622, 3724)
(1435, 1698)
(1480, 1634)
(2928, 2994)
(6465, 6584)
(5691, 5739)
(2861, 3110)
(2330, 2351)
(2278, 2313)
(1514, 1731)
(3641, 3699)
(2837, 2980)
(741, 1004)
(2199, 2264)
(2207, 2412)
(6408, 6530)
(1540, 1663)
(2891, 3024)
(3636, 3740)
(5135, 5166)
(5663, 5824)
(5039, 5088)
(5021, 5042)
(2995, 3004)
(3519, 3699)
(6347, 6376)
(2812, 3005)
(782, 916)
(5805, 5843)
(2983, 3123)
(2313, 2424)
(5691, 5715)
(3594, 3661)
(3521, 3714)
(861, 999)
(6486, 6530)
(6354, 6566)
(3535, 3714)
(808, 1013)
(777, 1010)
(1419, 1698)
(1621, 1655)
(2126, 2400)
(6387, 6473)
(14, 129)
(4279, 4320)
(2901, 3088)
(122, 308)
(4373, 4386)
(4371, 4423)
(725, 867)
(765, 841)
(2825, 3057)
(2185, 2264)
(2862, 3056)
(2230, 2352)
(5066, 5172)
(2825, 3013)
(5719, 5829)
(724, 781)
(4270, 4302)
(781, 964)
(74, 211)
(5036, 5058)
(2812, 3106)
(1555, 1655)
(6402, 6536)
(777, 918)
(2183, 2374)
(710, 808)
(4208, 4440)
(2874, 3042)
(5020, 5023)
(2174, 2406)
(831, 918)
(2937, 2981)
(3013, 3127)
(999, 1035)
(1555, 1691)
(4208, 4289)
(4940, 5157)
(1477, 1581)
(1669, 1716)
(1494, 1610)
(5709, 5836)
(768, 799)
(6417, 6566)
(710, 774)
(2877, 2888)
(2295, 2309)
(2811, 2823)
(5805, 5856)
(4279, 4314)
(4951, 5104)
(5002, 5059)
(4315, 4355)
(4964, 5104)
(3592, 3599)
(896, 1022)
(5077, 5136)
(5601, 5704)
(156, 314)
(5084, 5174)
(1532, 1672)
(209, 318)
(4214, 4311)
(4988, 5054)
(2369, 2432)
(2278, 2305)
(781, 915)
(2911, 2931)
(4200, 4374)
(60, 285)
(4256, 4459)
(6516, 6587)
(3579, 3599)
(749, 973)
(234, 251)
(6397, 6534)
(3049, 3130)
(2951, 3046)
(2974, 3074)
(1442, 1607)
(768, 793)
(2163, 2274)
(70, 119)
(2268, 2293)
(80, 112)
(2869, 2872)
(6405, 6584)
(810, 892)
(946, 957)
(870, 950)
(5, 239)
(749, 1005)
(1419, 1722)
(1480, 1729)
(1463, 1581)
(2145, 2404)
(147, 164)
(3702, 3703)
(765, 865)
(4952, 5019)
(5669, 5733)
(1509, 1634)
(70, 120)
(774, 781)
(6444, 6552)
(752, 1006)
(4301, 4347)
(6377, 6461)
(3646, 3667)
(2212, 2305)
(3792, 3794)
(2825, 3094)
(4208, 4481)
(1455, 1654)
(2888, 2924)
(2234, 2351)
(2247, 2267)
(3500, 3612)
(6479, 6527)
(742, 813)
(1464, 1600)
(5652, 5665)
(211, 319)
(808, 957)
(2896, 3021)
(3536, 3785)
(1401, 1622)
(6315, 6520)
(6388, 6504)
(2269, 2420)
(1025, 1036)
(5620, 5843)
(6462, 6554)
(914, 985)
(2931, 3118)
(1509, 1731)
(5824, 5826)
(1643, 1698)
(6352, 6389)
(1412, 1575)
(7, 264)
(4347, 4374)
(782, 1011)
(6327, 6500)
(4314, 4373)
(3667, 3710)
(6368, 6566)
(5011, 5098)
(2264, 2418)
(5733, 5774)
(73, 277)
(1526, 1733)
(2896, 2995)
(8, 11)
(5652, 5853)
(930, 935)
(2352, 2430)
(228, 294)
(2298, 2350)
(30, 74)
(5112, 5166)
(1575, 1707)
(2195, 2216)
(2275, 2322)
(4393, 4397)
(6414, 6576)
(3582, 3760)
(1413, 1666)
(4260, 4469)
(3511, 3607)
(4215, 4355)
(2949, 2954)
(1609, 1684)
(938, 1029)
(4242, 4392)
(4203, 4399)
(1526, 1540)
(4374, 4476)
(6377, 6580)
(115, 142)
(5, 329)
(2992, 3124)
(3646, 3738)
(732, 1003)
(6347, 6472)
(1522, 1530)
(1581, 1642)
(1544, 1662)
(3514, 3708)
(2353, 2380)
(2189, 2408)
(4907, 5123)
(5709, 5876)
(887, 993)
(164, 315)
(212, 225)
(2996, 3098)
(1570, 1594)
(1513, 1562)
(2800, 2819)
(2906, 3012)
(183, 215)
(1562, 1704)
(1478, 1728)
(6317, 6478)
(742, 758)
(3535, 3710)
(6354, 6375)
(2342, 2428)
(4366, 4492)
(2974, 2982)
(3612, 3673)
(2885, 3035)
(39, 72)
(8, 18)
(1405, 1721)
(3514, 3515)
(1414, 1522)
(1540, 1672)
(4252, 4460)
(2175, 2275)
(5846, 5899)
(2121, 2179)
(1444, 1593)
(4415, 4434)
(3530, 3660)
(2398, 2434)
(124, 202)
(87, 218)
(2234, 2318)
(1456, 1517)
(5760, 5810)
(115, 250)
(885, 954)
(742, 816)
(2887, 2985)
(5747, 5894)
(851, 990)
(4956, 5084)
(3610, 3661)
(5021, 5195)
(914, 925)
(887, 992)
(5662, 5809)
(1476, 1500)
(2196, 2263)
(847, 969)
(3582, 3751)
(870, 1019)
(4414, 4492)
(2823, 3107)
(5011, 5174)
(2935, 3079)
(3604, 3612)
(2951, 3064)
(6374, 6465)
(1404, 1570)
(5792, 5822)
(43, 99)
(6342, 6534)
(4957, 5039)
(1607, 1647)
(1439, 1570)
(2328, 2426)
(3599, 3604)
(4200, 4343)
(74, 202)
(4947, 5062)
(27, 80)
(2837, 3082)
(5652, 5733)
(4943, 5017)
(1454, 1725)
(109, 129)
(14, 79)
(4984, 5111)
(2872, 2982)
(2888, 2996)
(1, 219)
(2937, 3079)
(2901, 2983)
(4244, 4253)
(98, 147)
(185, 254)
(4352, 4470)
(5023, 5038)
(8, 60)
(2830, 2967)
(5084, 5103)
(98, 276)
(1412, 1634)
(3512, 3590)
(756, 1007)
(1689, 1719)
(2185, 2200)
(5759, 5796)
(1575, 1627)
(5031, 5048)
(5856, 5858)
(4940, 5108)
(4969, 5090)
(2144, 2192)
(4973, 4985)
(3623, 3639)
(2227, 2266)
(5801, 5887)
(6435, 6545)
(2995, 3124)
(4234, 4436)
(1597, 1661)
(927, 1027)
(4992, 5152)
(2817, 2855)
(274, 286)
(2817, 3042)
(3593, 3626)
(3531, 3706)
(1560, 1593)
(1406, 1479)
(795, 973)
(3530, 3674)
(776, 843)
(6409, 6462)
(748, 1005)
(6352, 6380)
(5116, 5195)
(4945, 4984)
(1569, 1570)
(2321, 2343)
(5605, 5658)
(4214, 4351)
(6525, 6590)
(4215, 4389)
(6479, 6534)
(2321, 2350)
(914, 927)
(86, 304)
(4222, 4343)
(1597, 1634)
(742, 986)
(192, 234)
(2906, 3000)
(2833, 3109)
(782, 917)
(794, 824)
(1641, 1713)
(2230, 2322)
(23, 123)
(4302, 4358)
(99, 119)
(4307, 4386)
(2376, 2383)
(4209, 4211)
(799, 870)
(5681, 5887)
(4943, 5011)
(6336, 6584)
(4244, 4371)
(2278, 2343)
(3012, 3126)
(1498, 1658)
(2853, 2861)
(6428, 6473)
(1419, 1469)
(27, 172)
(19, 198)
(2126, 2185)
(6313, 6551)
(5625, 5722)
(1402, 1531)
(5710, 5770)
(4245, 4434)
(139, 259)
(1484, 1627)
(6381, 6468)
(2908, 2962)
(4245, 4461)
(865, 1018)
(768, 999)
(2838, 2967)
(5640, 5691)
(3558, 3615)
(2808, 2964)
(6476, 6576)
(4233, 4257)
(6496, 6515)
(3696, 3713)
(3661, 3768)
(3529, 3790)
(2878, 3020)
(183, 254)
(6394, 6587)
(4437, 4476)
(11, 289)
(5011, 5036)
(2120, 2175)
(1625, 1711)
(4290, 4340)
(710, 866)
(4248, 4301)
(4358, 4469)
(154, 314)
(2996, 3125)
(766, 954)
(1401, 1509)
(4392, 4432)
(5030, 5103)
(21, 290)
(810, 1014)
(756, 768)
(1550, 1702)
(4915, 4940)
(3654, 3710)
(5695, 5719)
(3597, 3771)
(4222, 4459)
(4985, 5190)
(3653, 3745)
(111, 115)
(5625, 5826)
(5695, 5853)
(2998, 3125)
(5824, 5870)
(898, 951)
(5710, 5846)
(799, 922)
(5670, 5770)
(788, 993)
(1404, 1721)
(3577, 3760)
(2175, 2379)
(755, 1006)
(5670, 5792)
(772, 1009)
(34, 186)
(4200, 4365)
(2293, 2423)
(6307, 6374)
(5709, 5754)
(2937, 3119)
(2369, 2390)
(3543, 3653)
(179, 294)
(1522, 1732)
(3067, 3074)
(2931, 2979)
(1610, 1694)
(289, 295)
(6486, 6565)
(5629, 5892)
(2928, 3019)
(836, 973)
(4940, 5015)
(2166, 2220)
(5695, 5857)
(2144, 2403)
(4418, 4436)
(3537, 3675)
(4262, 4340)
(6388, 6421)
(2863, 3111)
(288, 327)
(2230, 2414)
(4943, 5134)
(925, 1026)
(5762, 5787)
(1406, 1469)
(5669, 5686)
(5630, 5669)
(4316, 4374)
(3549, 3663)
(5747, 5809)
(1483, 1729)
(808, 898)
(1437, 1666)
(2175, 2207)
(6420, 6492)
(2137, 2220)
(3630, 3761)
(2897, 3049)
(4403, 4479)
(2869, 2888)
(6377, 6534)
(5652, 5759)
(4366, 4476)
(771, 847)
(4986, 5002)
(84, 87)
(2161, 2202)
(74, 120)
(5676, 5854)
(5619, 5762)
(129, 310)
(2857, 2948)
(4957, 5195)
(6336, 6590)
(1457, 1584)
(2267, 2279)
(5044, 5145)
(2218, 2370)
(1531, 1680)
(1414, 1665)
(4470, 4489)
(1449, 1593)
(4925, 4945)
(2824, 3027)
(4224, 4483)
(916, 927)
(1531, 1593)
(5111, 5181)
(5116, 5145)
(2948, 3120)
(2908, 3085)
(5643, 5880)
(1401, 1442)
(2160, 2343)
(1490, 1543)
(1555, 1694)
(2869, 2891)
(1456, 1581)
(2908, 3070)
(2830, 3109)
(2844, 2994)
(5792, 5816)
(2951, 3093)
(2813, 2822)
(824, 1015)
(919, 1026)
(6440, 6555)
(3535, 3703)
(744, 795)
(4391, 4420)
(5628, 5691)
(1442, 1724)
(5132, 5136)
(2174, 2379)
(2853, 3000)
(843, 955)
(27, 164)
(39, 299)
(152, 266)
(96, 277)
(2864, 3111)
(5645, 5856)
(4421, 4441)
(3036, 3073)
(5682, 5867)
(6333, 6374)
(2133, 2356)
(3653, 3729)
(4269, 4361)
(5054, 5126)
(2816, 3067)
(4355, 4474)
(5650, 5695)
(6490, 6502)
(4228, 4301)
(2138, 2202)
(1569, 1594)
(883, 1020)
(3608, 3673)
(2183, 2234)
(2163, 2198)
(5785, 5790)
(3530, 3729)
(6326, 6442)
(4984, 5193)
(887, 1021)
(3650, 3652)
(5794, 5849)
(5709, 5842)
(4215, 4479)
(5167, 5181)
(3710, 3714)
(1546, 1570)
(5039, 5186)
(4311, 4415)
(870, 890)
(4200, 4492)
(160, 200)
(5044, 5137)
(104, 114)
(1561, 1640)
(4264, 4474)
(3000, 3064)
(2962, 3120)
(2227, 2413)
(2237, 2350)
(2201, 2247)
(6427, 6515)
(6444, 6502)
(4211, 4481)
(3696, 3787)
(1621, 1710)
(4200, 4271)
(714, 732)
(5614, 5870)
(752, 963)
(251, 277)
(4957, 5096)
(4985, 4988)
(70, 301)
(4999, 5126)
(2167, 2256)
(1463, 1481)
(6337, 6387)
(109, 306)
(3511, 3654)
(75, 202)
(5702, 5822)
(709, 771)
(1593, 1707)
(2247, 2389)
(2867, 2967)
(1405, 1694)
(5044, 5095)
(2119, 2395)
(2226, 2318)
(4930, 5135)
(2294, 2305)
(2892, 3116)
(2209, 2234)
(4314, 4493)
(2844, 2887)
(1686, 1718)
(2189, 2255)
(5664, 5795)
(3507, 3792)
(6367, 6457)
(3537, 3724)
(4299, 4371)
(4366, 4414)
(3713, 3719)
(4355, 4489)
(2857, 2986)
(5747, 5779)
(5824, 5864)
(3068, 3132)
(5605, 5837)
(2894, 3049)
(6312, 6457)
(2185, 2407)
(5704, 5779)
(1584, 1694)
(2197, 2410)
(5650, 5786)
(5854, 5887)
(6405, 6552)
(6491, 6572)
(790, 1012)
(836, 907)
(723, 957)
(5619, 5674)
(996, 1035)
(6374, 6387)
(3507, 3786)
(3024, 3128)
(776, 985)
(1574, 1706)
(848, 935)
(2827, 3070)
(80, 303)
(6479, 6565)
(4270, 4291)
(6367, 6502)
(88, 163)
(5010, 5064)
(3616, 3785)
(5629, 5701)
(851, 1017)
(5059, 5175)
(102, 164)
(4314, 4476)
(5676, 5893)
(4200, 4311)
(4226, 4352)
(5134, 5190)
(3625, 3719)
(199, 317)
(3602, 3758)
(1500, 1581)
(2833, 2885)
(896, 930)
(818, 1014)
(6453, 6504)
(1467, 1563)
(3546, 3607)
(3591, 3713)
(272, 324)
(5050, 5157)
(2132, 2401)
(1560, 1703)
(725, 996)
(4203, 4302)
(2138, 2326)
(3608, 3650)
(5853, 5863)
(19, 288)
(2811, 3064)
(2837, 2979)
(6333, 6540)
(2263, 2418)
(39, 45)
(4224, 4251)
(6394, 6442)
(11, 152)
(3056, 3085)
(4309, 4397)
(6342, 6415)
(2191, 2408)
(1562, 1661)
(3579, 3792)
(19, 147)
(6343, 6577)
(4216, 4257)
(5604, 5733)
(915, 958)
(6389, 6408)
(74, 192)
(5098, 5109)
(2351, 2429)
(151, 313)
(3637, 3790)
(2121, 2138)
(5126, 5145)
(4317, 4397)
(4270, 4393)
(228, 286)
(4454, 4460)
(816, 930)
(3042, 3129)
(4200, 4253)
(2121, 2381)
(2908, 3015)
(2266, 2380)
(133, 178)
(723, 749)
(2326, 2350)
(5019, 5098)
(5630, 5697)
(2196, 2207)
(5726, 5775)
(5018, 5039)
(4441, 4493)
(1483, 1606)
(2879, 2967)
(1409, 1634)
(6314, 6333)
(1600, 1708)
(2857, 2971)
(1412, 1530)
(215, 254)
(3533, 3594)
(950, 1031)
(2930, 2962)
(771, 1009)
(4932, 5020)
(866, 969)
(2274, 2298)
(167, 172)
(2935, 3057)
(702, 744)
(5628, 5805)
(2295, 2337)
(1522, 1581)
(4203, 4445)
(826, 1015)
(792, 916)
(2878, 3021)
(1658, 1715)
(1555, 1575)
(4454, 4476)
(60, 120)
(3056, 3131)
(1519, 1732)
(4932, 5109)
(2938, 2959)
(4952, 5073)
(870, 928)
(1467, 1519)
(1563, 1705)
(2964, 3121)
(6399, 6540)
(1490, 1555)
(5039, 5048)
(5040, 5084)
(4256, 4389)
(3685, 3720)
(202, 318)
(65, 225)
(4922, 5123)
(4922, 4925)
(3530, 3552)
(75, 302)
(6326, 6421)
(73, 302)
(5048, 5190)
(717, 1002)
(1498, 1730)
(1606, 1708)
(6399, 6565)
(62, 167)
(6327, 6496)
(4203, 4230)
(114, 206)
(183, 238)
(2199, 2308)
(6518, 6585)
(3092, 3102)
(2308, 2342)
(899, 927)
(5135, 5167)
(3073, 3100)
(3501, 3673)
(4322, 4351)
(938, 993)
(154, 254)
(4239, 4256)
(1406, 1481)
(1413, 1632)
(3590, 3653)
(5667, 5669)
(803, 1013)
(4978, 5019)
(5663, 5667)
(5605, 5858)
(790, 990)
(139, 266)
(3718, 3785)
(2812, 2994)
(87, 151)
(1444, 1481)
(1469, 1632)
(2145, 2268)
(217, 272)
(910, 1023)
(18, 88)
(724, 870)
(5059, 5167)
(4930, 5130)
(6378, 6566)
(4230, 4493)
(30, 298)
(31, 75)
(740, 867)
(3607, 3661)
(2216, 2396)
(222, 228)
(6423, 6491)
(6374, 6494)
(3615, 3616)
(1607, 1694)
(3601, 3745)
(2904, 3117)
(6380, 6491)
(5775, 5837)
(5682, 5691)
(2287, 2322)
(2878, 3099)
(2333, 2427)
(1457, 1634)
(1478, 1560)
(2353, 2356)
(2158, 2232)
(122, 293)
(1506, 1584)
(865, 963)
(861, 968)
(2924, 2974)
(2106, 2287)
(5074, 5113)
(4345, 4373)
(5841, 5863)
(6540, 6576)
(3559, 3754)
(777, 885)
(2833, 2857)
(4987, 5175)
(1561, 1704)
(2885, 3099)
(4912, 5079)
(1, 329)
(228, 257)
(3577, 3683)
(2906, 3076)
(5801, 5836)
(5613, 5667)
(4239, 4330)
(795, 887)
(748, 968)
(1529, 1734)
(725, 799)
(3593, 3724)
(166, 315)
(252, 323)
(3652, 3692)
(5018, 5175)
(5808, 5824)
(5670, 5836)
(5617, 5899)
(4377, 4389)
(1455, 1726)
(2163, 2395)
(238, 321)
(2979, 3122)
(4974, 5022)
(3553, 3587)
(4294, 4470)
(1405, 1561)
(3623, 3654)
(4209, 4311)
(782, 790)
(4351, 4444)
(739, 790)
(2200, 2411)
(2175, 2198)
(7, 278)
(5792, 5867)
(6493, 6556)
(2322, 2383)
(875, 946)
(2138, 2349)
(2827, 3108)
(840, 1016)
(2204, 2370)
(62, 80)
(5658, 5880)
(1560, 1671)
(5015, 5074)
(727, 886)
(748, 938)
(782, 808)
(3036, 3129)
(4902, 5134)
(3600, 3718)
(2247, 2416)
(2844, 2960)
(3533, 3630)
(79, 88)
(6409, 6461)
(6539, 6565)
(831, 973)
(2137, 2144)
(2171, 2405)
(6308, 6342)
(2824, 2969)
(727, 817)
(4449, 4469)
(6500, 6590)
(2177, 2406)
(3552, 3785)
(6336, 6540)
(4216, 4242)
(3553, 3790)
(4978, 5059)
(1546, 1642)
(2330, 2337)
(6363, 6560)
(3511, 3613)
(62, 70)
(1456, 1529)
(87, 136)
(5123, 5135)
(1607, 1627)
(3576, 3751)
(2838, 2894)
(3626, 3636)
(6305, 6492)
(2305, 2395)
(1542, 1593)
(1570, 1666)
(5042, 5070)
(2126, 2144)
(6342, 6470)
(65, 172)
(200, 258)
(4974, 4992)
(6331, 6496)
(4208, 4355)
(2866, 2891)
(2185, 2212)
(867, 1018)
(2137, 2166)
(1548, 1625)
(2189, 2398)
(2298, 2332)
(4361, 4432)
(6504, 6580)
(4940, 4958)
(2179, 2407)
(2160, 2177)
(3559, 3782)
(2138, 2175)
(4999, 5088)
(6333, 6436)
(4242, 4373)
(6428, 6587)
(2196, 2409)
(3521, 3546)
(1680, 1717)
(917, 1025)
(139, 183)
(3525, 3655)
(5695, 5755)
(1456, 1574)
(2896, 2967)
(6314, 6415)
(6378, 6551)
(183, 210)
(2817, 3106)
(4945, 5126)
(2326, 2342)
(2199, 2218)
(5088, 5166)
(2134, 2383)
(3744, 3766)
(1531, 1647)
(2863, 3092)
(710, 974)
(700, 710)
(2826, 3108)
(1506, 1691)
(2247, 2382)
(5704, 5864)
(907, 919)
(2144, 2241)
(5747, 5899)
(5691, 5841)
(23, 80)
(1419, 1480)
(2998, 3000)
(1441, 1724)
(6409, 6504)
(5692, 5841)
(5, 114)
(5692, 5768)
(256, 258)
(3674, 3740)
(2937, 3000)
(2131, 2166)
(5664, 5686)
(4216, 4323)
(1658, 1669)
(865, 866)
(808, 958)
(6317, 6468)
(6300, 6530)
(15, 296)
(3612, 3695)
(2347, 2381)
(4294, 4316)
(4327, 4437)
(5702, 5857)
(4422, 4479)
(2819, 2998)
(2813, 2925)
(85, 293)
(1610, 1709)
(152, 217)
(2906, 2925)
(2275, 2298)
(5019, 5194)
(2365, 2431)
(3545, 3794)
(5064, 5109)
(2364, 2390)
(85, 286)
(4290, 4432)
(3533, 3748)
(2278, 2421)
(4272, 4414)
(3646, 3736)
(2937, 3049)
(3558, 3563)
(717, 946)
(65, 293)
(3082, 3100)
(3632, 3641)
(6567, 6576)
(1450, 1464)
(2321, 2425)
(1550, 1553)
(2268, 2350)
(2279, 2356)
(6382, 6383)
(2201, 2204)
(5054, 5149)
(5629, 5856)
(2949, 2964)
(2209, 2356)
(2350, 2389)
(5756, 5856)
(3761, 3785)
(6482, 6530)
(723, 764)
(5109, 5113)
(2108, 2145)
(5619, 5704)
(723, 973)
(6378, 6463)
(4390, 4470)
(4309, 4323)
(11, 31)
(5109, 5195)
(1628, 1658)
(4441, 4461)
(1551, 1703)
(768, 964)
(5036, 5090)
(34, 99)
(2118, 2399)
(4424, 4427)
(3667, 3713)
(3663, 3692)
(210, 319)
(1518, 1688)
(752, 795)
(4999, 5010)
(910, 916)
(740, 1004)
(1506, 1553)
(886, 954)
(1441, 1687)
(2318, 2342)
(5652, 5867)
(84, 276)
(758, 974)
(2350, 2429)
(75, 98)
(4999, 5089)
(5846, 5894)
(2119, 2381)
(19, 297)
(2191, 2390)
(198, 317)
(782, 996)
(3535, 3641)
(701, 801)
(11, 74)
(5768, 5808)
(199, 274)
(6428, 6463)
(2872, 2891)
(4361, 4420)
(1483, 1487)
(2904, 3000)
(5138, 5181)
(1597, 1665)
(4351, 4390)
(2887, 2995)
(3615, 3692)
(701, 1000)
(5634, 5794)
(3622, 3760)
(2376, 2433)
(2160, 2404)
(5665, 5867)
(289, 328)
(4211, 4386)
(2872, 2948)
(6423, 6476)
(1544, 1625)
(6367, 6486)
(2944, 3119)
(2201, 2411)
(2106, 2192)
(4272, 4352)
(851, 857)
(2888, 3064)
(5628, 5663)
(5613, 5759)
(5078, 5154)
(1437, 1479)
(1518, 1687)
(193, 225)
(6308, 6478)
(153, 210)
(906, 973)
(5048, 5059)
(4985, 5030)
(4969, 5149)
(4958, 5015)
(156, 264)
(2202, 2226)
(34, 299)
(5749, 5795)
(2131, 2323)
(2825, 2959)
(198, 199)
(6312, 6534)
(34, 133)
(79, 303)
(2269, 2274)
(206, 283)
(3000, 3024)
(2812, 2826)
(4918, 5186)
(4959, 5062)
(3543, 3545)
(2824, 3091)
(6343, 6568)
(1600, 1634)
(2983, 3092)
(2808, 2878)
(2862, 3110)
(883, 930)
(6478, 6540)
(1555, 1570)
(6434, 6539)
(1405, 1522)
(80, 128)
(2133, 2402)
(74, 289)
(4959, 5145)
(4244, 4358)
(2134, 2402)
(2816, 3027)
(4307, 4440)
(3070, 3132)
(2353, 2430)
(841, 885)
(4272, 4358)
(8, 84)
(5663, 5717)
(5625, 5784)
(1402, 1680)
(3589, 3711)
(3597, 3632)
(80, 254)
(2928, 3076)
(6300, 6305)
(4925, 4951)
(31, 172)
(2827, 2867)
(2866, 3112)
(6555, 6580)
(1541, 1666)
(771, 999)
(710, 1001)
(1544, 1701)
(2816, 2925)
(264, 284)
(102, 251)
(3545, 3611)
(2330, 2350)
(2864, 2929)
(1024, 1036)
(5728, 5786)
(2877, 2985)
(4200, 4286)
(5880, 5893)
(4311, 4440)
(1494, 1655)
(744, 782)
(756, 954)
(217, 264)
(2897, 3117)
(766, 1008)
(2201, 2313)
(2872, 2896)
(6435, 6465)
(41, 96)
(4316, 4399)
(1526, 1688)
(2226, 2227)
(2867, 3057)
(796, 1012)
(6399, 6415)
(2234, 2279)
(4345, 4485)
(6443, 6515)
(5643, 5829)
(4307, 4351)
(5671, 5808)
(851, 950)
(772, 810)
(3553, 3653)
(2179, 2382)
(2294, 2423)
(732, 782)
(2124, 2230)
(867, 892)
(748, 848)
(2198, 2313)
(793, 801)
(2904, 2967)
(4904, 5078)
(2887, 3054)
(3593, 3758)
(891, 930)
(774, 966)
(59, 283)
(6536, 6585)
(836, 1016)
(2825, 3107)
(6491, 6526)
(6453, 6527)
(3557, 3559)
(3521, 3785)
(2128, 2353)
(6379, 6457)
(2121, 2326)
(4320, 4414)
(5, 296)
(5630, 5685)
(2216, 2342)
(2175, 2288)
(4236, 4302)
(1541, 1700)
(5652, 5822)
(5628, 5779)
(4323, 4390)
(2230, 2309)
(764, 1008)
(3500, 3760)
(21, 156)
(133, 311)
(4214, 4315)
(4943, 5112)
(5077, 5149)
(178, 186)
(5656, 5669)
(760, 1007)
(954, 990)
(3501, 3706)
(2962, 3042)
(4990, 5022)
(2874, 2894)
(6423, 6500)
(934, 1028)
(723, 969)
(1437, 1723)
(871, 945)
(4986, 5132)
(59, 202)
(2179, 2313)
(702, 759)
(796, 916)
(2975, 2985)
(6359, 6486)
(4947, 4952)
(3553, 3660)
(6330, 6417)
(2152, 2232)
(4985, 5059)
(4248, 4320)
(5030, 5157)
(918, 1025)
(986, 1033)
(6330, 6479)
(43, 129)
(3004, 3126)
(225, 321)
(210, 264)
(3535, 3622)
(2287, 2308)
(702, 1001)
(130, 133)
(5691, 5733)
(6337, 6397)
(2287, 2374)
(5665, 5749)
(6534, 6538)
(2366, 2431)
(914, 945)
(2237, 2415)
(1413, 1600)
(5009, 5166)
(17, 202)
(6326, 6428)
(4307, 4381)
(4361, 4415)
(5611, 5705)
(6314, 6565)
(1658, 1689)
(5011, 5022)
(6457, 6555)
(3525, 3667)
(6434, 6476)
(742, 968)
(2960, 3065)
(1402, 1720)
(4343, 4428)
(60, 218)
(179, 316)
(17, 297)
(792, 951)
(6526, 6560)
(1663, 1715)
(59, 266)
(3582, 3788)
(3597, 3775)
(2119, 2202)
(6383, 6567)
(86, 99)
(1561, 1643)
(6452, 6555)
(2928, 3065)
(6530, 6587)
(861, 875)
(2827, 3092)
(1414, 1669)
(2128, 2275)
(5795, 5893)
(72, 98)
(5771, 5849)
(5656, 5667)
(2119, 2209)
(4228, 4437)
(2255, 2287)
(749, 966)
(759, 847)
(1484, 1600)
(3590, 3792)
(1655, 1714)
(5116, 5172)
(11, 274)
(6479, 6504)
(2288, 2293)
(2120, 2399)
(2800, 3105)
(6380, 6585)
(886, 950)
(4309, 4322)
(60, 250)
(1441, 1513)
(744, 928)
(5031, 5126)
(1470, 1661)
(5704, 5805)
(4381, 4470)
(5066, 5145)
(1442, 1593)
(1449, 1725)
(3618, 3657)
(792, 986)
(4973, 5123)
(5088, 5089)
(2937, 3070)
(2994, 3020)
(4289, 4366)
(2874, 3052)
(782, 818)
(3533, 3610)
(2132, 2249)
(4224, 4432)
(5640, 5676)
(3613, 3745)
(6300, 6420)
(3720, 3758)
(6312, 6331)
(98, 305)
(85, 178)
(2986, 3123)
(2864, 3094)
(5062, 5104)
(714, 756)
(5728, 5794)
(1574, 1698)
(6538, 6552)
(3639, 3788)
(2249, 2417)
(96, 305)
(5665, 5702)
(2241, 2286)
(2209, 2309)
(3013, 3070)
(951, 993)
(3604, 3636)
(2892, 2954)
(3608, 3615)
(4969, 5062)
(2343, 2382)
(1500, 1519)
(96, 266)
(4245, 4327)
(5605, 5747)
(6525, 6576)
(18, 21)
(2313, 2365)
(274, 277)
(2929, 2979)
(6372, 6387)
(725, 752)
(2192, 2230)
(2144, 2353)
(1401, 1593)
(725, 1003)
(2891, 3067)
(1625, 1666)
(1456, 1726)
(3673, 3713)
(724, 801)
(2911, 2974)
(816, 950)
(5694, 5756)
(1548, 1702)
(4312, 4423)
(4918, 5097)
(6331, 6554)
(782, 824)
(2126, 2197)
(1412, 1506)
(5611, 5836)
(2804, 3105)
(2140, 2212)
(1612, 1709)
(4309, 4351)
(3587, 3692)
(5620, 5770)
(2268, 2419)
(2904, 2906)
(1528, 1733)
(5826, 5858)
(85, 304)
(1671, 1716)
(3589, 3775)
(2321, 2342)
(1461, 1727)
(4992, 5084)
(3052, 3130)
(5666, 5857)
(1439, 1723)
(704, 867)
(5762, 5843)
(4253, 4437)
(142, 186)
(724, 1002)
(2266, 2365)
(2800, 2928)
(239, 322)
(122, 272)
(3675, 3740)
(794, 866)
(1506, 1642)
(4242, 4270)
(725, 950)
(139, 312)
(760, 851)
(4958, 5048)
(264, 278)
(56, 74)
(1455, 1672)
(5695, 5761)
(122, 237)
(1540, 1632)
(957, 1032)
(128, 310)
(5097, 5135)
(5108, 5132)
(5646, 5775)
(102, 306)
(6444, 6492)
(990, 1034)
(111, 272)
(2877, 3113)
(3556, 3695)
(6328, 6552)
(218, 259)
(2119, 2318)
(4312, 4479)
(2863, 3070)
(5017, 5050)
(3501, 3650)
(3015, 3127)
(818, 938)
(2154, 2255)
(2813, 2892)
(2266, 2419)
(2813, 2844)
(4366, 4372)
(27, 298)
(6423, 6435)
(2862, 2974)
(79, 144)
(45, 274)
(1584, 1647)
(3703, 3785)
(4302, 4393)
(1540, 1699)
(4211, 4455)
(4392, 4403)
(3646, 3675)
(2904, 2971)
(5715, 5808)
(2800, 2869)
(5018, 5193)
(781, 934)
(18, 252)
(4299, 4441)
(295, 328)
(4257, 4365)
(6387, 6434)
(2833, 2892)
(3522, 3546)
(964, 1032)
(286, 326)
(1532, 1734)
(1666, 1688)
(160, 215)
(5614, 5689)
(1469, 1728)
(1647, 1714)
(6383, 6440)
(3091, 3102)
(5009, 5116)
(4978, 5123)
(1507, 1730)
(5728, 5805)
(1691, 1698)
(6381, 6496)
(5666, 5899)
(65, 301)
(2857, 2944)
(717, 739)
(60, 300)
(4245, 4425)
(6502, 6576)
(4350, 4386)
(2343, 2350)
(2145, 2288)
(915, 930)
(1609, 1698)
(2819, 2930)
(781, 955)
(6312, 6452)
(6378, 6383)
(215, 256)
(3630, 3782)
(4272, 4373)
(5671, 5691)
(5676, 5759)
(843, 973)
(3099, 3104)
(6576, 6581)
(2209, 2333)
(23, 252)
(4409, 4432)
(1509, 1522)
(4214, 4271)
(5634, 5786)
(1452, 1487)
(2877, 2930)
(2879, 3114)
(3093, 3103)
(1544, 1628)
(2332, 2426)
(4915, 4969)
(3021, 3128)
(1457, 1600)
(80, 133)
(725, 782)
(1632, 1712)
(824, 918)
(3035, 3087)
(3525, 3529)
(1409, 1491)
(6536, 6552)
(3602, 3718)
(2343, 2428)
(21, 129)
(5728, 5859)
(2323, 2356)
(5829, 5842)
(2924, 3118)
(2293, 2390)
(1463, 1727)
(3500, 3653)
(129, 277)
(742, 833)
(2811, 2980)
(2901, 2994)
(969, 1033)
(5694, 5759)
(732, 996)
(183, 219)
(5020, 5079)
(2896, 3094)
(264, 288)
(6367, 6417)
(2351, 2380)
(5646, 5845)
(222, 320)
(1550, 1612)
(2804, 2878)
(1529, 1574)
(5030, 5097)
(883, 892)
(1461, 1518)
(1450, 1514)
(6352, 6408)
(3766, 3788)
(5863, 5873)
(1526, 1698)
(2864, 3046)
(3579, 3637)
(2287, 2343)
(1569, 1705)
(2183, 2207)
(4903, 4953)
(3623, 3713)
(6300, 6444)
(723, 883)
(3552, 3771)
(777, 910)
(6476, 6577)
(6359, 6545)
(4945, 4985)
(4200, 4355)
(4234, 4290)
(3725, 3751)
(4230, 4259)
(86, 215)
(6443, 6463)
(2867, 3112)
(1687, 1718)
(3745, 3782)
(801, 916)
(5667, 5899)
(4208, 4347)
(5060, 5136)
(974, 996)
(4915, 4951)
(2347, 2353)
(3552, 3553)
(1404, 1689)
(4420, 4483)
(5135, 5143)
(4309, 4395)
(1551, 1687)
(5807, 5853)
(740, 851)
(183, 237)
(2183, 2275)
(98, 172)
(1480, 1574)
(6327, 6540)
(5010, 5135)
(2189, 2200)
(178, 316)
(2198, 2410)
(136, 311)
(2204, 2247)
(2171, 2275)
(895, 973)
(910, 935)
(2228, 2278)
(725, 891)
(2822, 3056)
(700, 1000)
(914, 1024)
(4228, 4389)
(3557, 3740)
(5856, 5870)
(2166, 2405)
(6382, 6421)
(1481, 1506)
(5009, 5145)
(60, 172)
(5018, 5077)
(5826, 5894)
(3604, 3646)
(2238, 2416)
(790, 861)
(5645, 5733)
(5670, 5810)
(6457, 6527)
(2265, 2318)
(4361, 4492)
(755, 993)
(843, 1017)
(5062, 5168)
(3546, 3792)
(2901, 2928)
(4222, 4358)
(5613, 5781)
(5787, 5853)
(5058, 5064)
(120, 308)
(6457, 6515)
(2234, 2415)
(1402, 1455)
(6365, 6476)
(5619, 5640)
(4912, 4973)
(1406, 1722)
(709, 782)
(939, 1029)
(3576, 3696)
(3675, 3703)
(1562, 1669)
(2175, 2370)
(935, 1028)
(2802, 2998)
(6331, 6375)
(3695, 3792)
(5619, 5646)
(5669, 5870)
(717, 986)
(2888, 3042)
(1627, 1711)
(2352, 2365)
(1551, 1581)
(2228, 2319)
(274, 325)
(4316, 4492)
(2874, 2948)
(6372, 6515)
(1500, 1669)
(2992, 2996)
(1597, 1647)
(2967, 3004)
(142, 312)
(2896, 3116)
(875, 1019)
(1483, 1509)
(5676, 5857)
(3618, 3749)
(2872, 2967)
(2826, 2930)
(3533, 3710)
(1645, 1713)
(6457, 6504)
(1606, 1672)
(6566, 6576)
(199, 238)
(3623, 3667)
(875, 892)
(3748, 3758)
(902, 1022)
(5017, 5152)
(3616, 3623)
(5070, 5174)
(2885, 3114)
(6374, 6566)
(755, 840)
(4427, 4481)
(3625, 3641)
(2343, 2364)
(1688, 1719)
(41, 300)
(6462, 6527)
(2158, 2163)
(2131, 2204)
(225, 290)
(5715, 5795)
(217, 294)
(3519, 3695)
(891, 1021)
(2337, 2427)
(954, 1031)
(5023, 5104)
(2866, 3035)
(1513, 1610)
(2969, 2985)
(3653, 3710)
(2185, 2202)
(3655, 3761)
(3507, 3711)
(5721, 5894)
(5664, 5785)
(6534, 6536)
(3035, 3068)
(5088, 5104)
(2152, 2380)
(80, 186)
(3519, 3714)
(2813, 3087)
(1450, 1563)
(4937, 5035)
(2293, 2366)
(4485, 4489)
(3549, 3608)
(5715, 5824)
(5664, 5755)
(2137, 2356)
(755, 891)
(2862, 2951)
(1457, 1557)
(1518, 1641)
(5048, 5112)
(1586, 1663)
(60, 104)
(5669, 5790)
(80, 209)
(1654, 1672)
(5665, 5841)
(2189, 2238)
(1509, 1642)
(1456, 1506)
(5031, 5139)
(2305, 2332)
(2161, 2264)
(218, 288)
(2209, 2332)
(2904, 2983)
(3552, 3615)
(256, 324)
(4289, 4311)
(840, 969)
(4290, 4460)
(6382, 6566)
(1414, 1529)
(1542, 1700)
(3545, 3673)
(813, 951)
(3663, 3787)
(803, 996)
(2816, 2837)
(252, 274)
(4937, 4988)
(4251, 4474)
(1600, 1666)
(5700, 5771)
(4992, 5035)
(1454, 1672)
(968, 969)
(2857, 3014)
(2196, 2265)
(133, 285)
(2891, 3115)
(3515, 3615)
(2198, 2349)
(5, 238)
(933, 950)
(3552, 3604)
(4958, 4978)
(3577, 3750)
(1663, 1677)
(6372, 6411)
(4233, 4239)
(5715, 5864)
(6381, 6502)
(2187, 2351)
(857, 885)
(2263, 2305)
(5604, 5808)
(4289, 4423)
(283, 326)
(287, 327)
(4259, 4299)
(6548, 6590)
(2869, 3014)
(1640, 1712)
(2286, 2422)
(2118, 2183)
(1404, 1600)
(5614, 5694)
(907, 964)
(3042, 3074)
(5817, 5826)
(5658, 5770)
(5023, 5135)
(3549, 3646)
(816, 847)
(3064, 3076)
(833, 945)
(2924, 3082)
(4985, 5019)
(6568, 6587)
(1413, 1450)
(2257, 2342)
(2124, 2400)
(2906, 2944)
(890, 928)
(4902, 5009)
(2119, 2383)
(3546, 3660)
(212, 218)
(151, 217)
(5670, 5795)
(115, 307)
(102, 154)
(6493, 6552)
(41, 112)
(6354, 6554)
(2160, 2288)
(1470, 1606)
(945, 1030)
(774, 1010)
(2263, 2381)
(5845, 5896)
(792, 974)
(4912, 5124)
(723, 907)
(4985, 5116)
(4208, 4395)
(4990, 4992)
(3088, 3099)
(3557, 3787)
(792, 896)
(5676, 5787)
(14, 147)
(1560, 1647)
(2192, 2409)
(946, 1030)
(3549, 3713)
(1467, 1688)
(2855, 2986)
(3537, 3758)
(2177, 2198)
(166, 256)
(1517, 1544)
(3090, 3101)
(5682, 5728)
(5645, 5771)
(5665, 5747)
(906, 1023)
(5686, 5892)
(6374, 6457)
(2819, 2951)
(1506, 1666)
(4943, 5172)
(3599, 3655)
(2888, 3115)
(6378, 6527)
(31, 151)
(3019, 3021)
(1581, 1594)
(2249, 2293)
(4245, 4418)
(4345, 4424)
(284, 285)
(4245, 4350)
(5685, 5770)
(6520, 6534)
(4269, 4334)
(5781, 5822)
(2802, 2825)
(1537, 1699)
(725, 992)
(3535, 3750)
(790, 836)
(2138, 2403)
(5135, 5195)
(5019, 5131)
(39, 283)
(5704, 5784)
(2216, 2218)
(6376, 6515)
(1543, 1701)
(810, 896)
(4902, 5124)
(5842, 5843)
(788, 1011)
(5054, 5190)
(2878, 3070)
(4943, 5030)
(1519, 1645)
(14, 86)
(120, 183)
(5710, 5808)
(2813, 2954)
(120, 193)
(818, 939)
(5822, 5894)
(1, 99)
(2938, 3076)
(4916, 5022)
(200, 225)
(4903, 4937)
(4959, 5096)
(3005, 3067)
(4242, 4459)
(152, 313)
(3683, 3738)
(5073, 5123)
(1677, 1717)
(1570, 1706)
(2869, 3113)
(251, 323)
(3549, 3766)
(4355, 4360)
(124, 309)
(15, 250)
(5705, 5796)
(765, 933)
(3625, 3761)
(200, 210)
(123, 309)
(5658, 5771)
(5674, 5701)
(4352, 4358)
(6402, 6442)
(6399, 6402)
(6427, 6486)
(2944, 3090)
(1452, 1563)
(886, 1020)
(2863, 3054)
(4289, 4418)
(6314, 6347)
(2974, 3121)
(6376, 6536)
(2212, 2413)
(2395, 2434)
(4279, 4374)
(6363, 6540)
(4317, 4466)
(2108, 2287)
(3507, 3582)
(2275, 2350)
(5074, 5195)
(217, 293)
(2986, 3036)
(4410, 4432)
(871, 957)
(2195, 2200)
(2227, 2232)
(59, 257)
(3610, 3616)
(2975, 3122)
(2879, 2931)
(4929, 5195)
(2925, 3087)
(2951, 3000)
(993, 1034)
(3507, 3660)
(5733, 5809)
(1546, 1551)
(62, 130)
(4233, 4307)
(2140, 2247)
(2869, 2879)
(5092, 5126)
(4334, 4352)
(765, 957)
(5719, 5756)
(2274, 2420)
(4974, 5066)
(99, 185)
(1500, 1672)
(142, 283)
(723, 817)
(5665, 5717)
(5669, 5705)
(2370, 2432)
(768, 792)
(6305, 6376)
(274, 287)
(1441, 1593)
(5650, 5768)
(56, 163)
(114, 307)
(4466, 4479)
(2232, 2414)
(3594, 3623)
(2318, 2424)
(4260, 4415)
(2249, 2309)
(198, 285)
(2894, 2964)
(3577, 3775)
(215, 320)
(5031, 5078)
(4409, 4469)
(2308, 2337)
(2177, 2255)
(5646, 5870)
(4973, 5058)
(1622, 1710)
(6308, 6442)
(3087, 3101)
(1491, 1560)
(4211, 4320)
(2247, 2275)
(6308, 6376)
(3543, 3610)
(2319, 2425)
(3094, 3103)
(3528, 3623)
(1684, 1689)
(3519, 3736)
(4260, 4395)
(6520, 6590)
(5102, 5135)
(4228, 4403)
(3519, 3618)
(2994, 3074)
(2226, 2330)
(88, 156)
(31, 294)
(2824, 2888)